10
20 12 0.200000
3 20 14 13 19 5 2 3 6 2 1 9 12 3 7 15 4 11 16 4
1 1 1 -1 -1 1 0 0 0 -1 -1 0
-1 -1 -1 -1 0 0 -1 1 0 1 1 -1
1 -1 1 1 -1 1 0 0 1 1 0 -1
1 0 -1 0 1 -1 1 -1 0 -1 1 -1
1 1 -1 0 -1 -1 1 1 -1 1 1 1
0 -1 -1 1 1 1 0 0 -1 1 0 1
1 -1 1 -1 1 -1 0 0 1 -1 -1 1
1 0 1 -1 1 0 0 1 1 1 -1 0
1 1 1 0 1 1 -1 -1 1 1 1 0
0 0 -1 1 1 1 -1 0 -1 0 -1 -1
0 -1 0 0 -1 1 -1 0 0 -1 0 1
0 0 -1 0 1 0 -1 0 1 -1 0 1
0 1 -1 -1 1 0 1 1 0 -1 -1 -1
1 0 0 1 -1 -1 1 1 -1 1 -1 0
-1 -1 -1 -1 0 1 0 0 0 1 -1 0
1 -1 1 0 -1 0 1 0 1 1 1 -1
-1 -1 0 0 -1 1 1 1 1 1 -1 1
0 -1 0 -1 0 1 0 1 1 0 -1 0
-1 0 -1 0 1 -1 -1 0 0 -1 0 1
-1 1 1 1 0 1 0 -1 1 0 -1 -1
20 12 0.200000
10 1 5 17 1 13 14 2 14 4 11 6 19 11 6 2 10 2 1 16
-1 -1 1 -1 0 -1 -1 -1 -1 0 1 -1
0 -1 -1 0 -1 1 -1 0 1 0 0 0
0 0 -1 -1 1 1 0 -1 0 0 0 0
1 -1 1 -1 1 -1 1 0 -1 -1 0 -1
1 -1 -1 0 -1 1 0 -1 1 1 1 -1
0 0 1 -1 -1 1 1 -1 -1 0 -1 -1
-1 -1 -1 -1 0 1 1 1 1 0 1 1
-1 1 -1 0 -1 -1 0 0 0 0 0 -1
1 0 -1 -1 -1 1 0 1 1 -1 0 0
0 -1 -1 -1 -1 -1 1 0 1 1 1 1
0 -1 1 1 -1 0 -1 1 0 0 -1 1
1 -1 0 0 -1 1 -1 1 -1 1 1 -1
-1 1 -1 1 1 1 -1 1 0 -1 1 1
1 -1 0 -1 -1 -1 0 -1 -1 0 -1 1
0 1 -1 -1 0 0 -1 -1 0 0 0 0
0 1 1 -1 1 1 0 -1 0 -1 -1 1
1 -1 -1 -1 -1 1 0 0 1 1 0 -1
-1 -1 -1 1 0 1 1 1 -1 -1 0 1
0 0 0 -1 1 -1 -1 -1 1 -1 -1 0
-1 0 0 0 1 0 0 -1 1 -1 0 0
20 12 0.200000
9 1 2 17 1 2 20 16 5 7 13 8 2 4 14 14 2 20 7 4
1 0 -1 1 -1 1 -1 1 0 -1 0 0
-1 1 0 -1 1 -1 -1 1 -1 1 0 0
0 0 1 1 -1 0 -1 1 -1 0 1 -1
-1 -1 0 -1 -1 1 1 0 1 -1 0 0
-1 -1 -1 -1 -1 0 1 0 -1 -1 0 0
-1 0 1 1 -1 0 0 -1 0 -1 1 1
-1 0 -1 0 1 -1 0 1 0 1 1 0
0 0 -1 0 -1 1 0 -1 1 0 0 0
-1 -1 -1 0 -1 1 1 0 0 1 -1 1
0 0 0 1 1 0 0 1 -1 0 -1 1
-1 -1 1 1 0 -1 0 0 0 1 0 1
-1 0 0 1 -1 -1 1 0 0 0 -1 -1
-1 0 -1 0 1 1 1 1 -1 1 0 -1
1 -1 1 -1 1 -1 1 1 0 1 -1 1
1 -1 0 1 -1 0 0 0 0 -1 1 1
-1 -1 -1 -1 1 0 1 1 -1 -1 -1 0
-1 -1 1 -1 0 0 -1 1 0 0 1 1
-1 -1 -1 0 0 1 -1 0 1 -1 -1 0
-1 1 -1 -1 -1 -1 1 1 1 -1 -1 -1
1 -1 1 0 -1 -1 0 -1 0 -1 -1 -1
20 12 0.200000
17 11 3 14 14 13 19 15 19 19 10 13 6 12 2 8 17 19 18 9
-1 0 0 1 0 -1 1 -1 -1 0 0 0
-1 1 -1 1 1 1 1 -1 1 1 1 -1
-1 1 0 1 0 1 0 -1 0 0 -1 -1
0 0 1 1 -1 1 1 -1 -1 0 1 1
0 1 -1 1 -1 -1 0 1 0 1 0 1
1 1 -1 0 -1 0 -1 1 1 1 -1 -1
1 1 0 0 1 0 1 -1 -1 1 -1 -1
-1 0 0 -1 -1 1 0 0 0 0 1 1
1 1 0 1 -1 0 1 0 0 0 0 0
0 1 0 1 0 -1 -1 -1 -1 -1 1 -1
-1 0 -1 0 1 0 1 -1 0 -1 -1 0
-1 -1 -1 1 1 1 -1 0 -1 1 0 -1
-1 -1 1 1 1 0 0 -1 0 0 -1 1
1 1 -1 1 -1 0 -1 1 1 1 0 -1
1 -1 -1 -1 -1 1 -1 -1 0 0 0 0
-1 1 1 -1 -1 1 1 -1 0 0 1 -1
1 -1 0 0 0 1 0 -1 1 -1 1 1
1 0 1 -1 -1 -1 0 0 1 0 1 -1
1 0 0 -1 -1 1 0 1 1 1 0 -1
0 -1 1 0 -1 -1 1 0 0 0 -1 -1
20 12 0.200000
5 5 14 4 14 13 10 6 12 8 2 9 5 3 11 13 6 12 1 18
1 0 0 0 0 1 1 0 -1 1 0 -1
-1 -1 -1 -1 0 0 0 -1 0 -1 -1 -1
1 1 -1 1 1 0 0 -1 1 -1 0 1
0 0 -1 0 -1 -1 0 -1 0 -1 0 0
1 -1 -1 1 1 -1 0 -1 -1 0 1 0
1 0 0 1 1 -1 1 0 1 -1 1 0
1 0 0 1 0 -1 0 -1 -1 0 1 -1
1 0 1 -1 -1 -1 -1 -1 0 -1 -1 1
-1 1 -1 1 0 1 -1 1 1 1 0 1
1 -1 0 -1 -1 -1 1 -1 -1 -1 0 0
1 1 0 0 0 1 0 -1 1 -1 0 -1
1 -1 -1 0 -1 -1 1 0 1 0 0 -1
0 1 1 -1 0 0 -1 -1 -1 -1 -1 0
1 -1 -1 0 1 -1 -1 1 -1 1 1 -1
1 1 -1 1 -1 0 0 0 -1 -1 0 -1
0 1 0 -1 -1 1 1 1 -1 0 -1 0
0 0 0 -1 1 0 -1 -1 1 -1 -1 1
-1 0 -1 -1 0 1 1 0 0 1 0 0
-1 1 1 0 1 -1 -1 1 -1 0 -1 -1
0 0 -1 -1 0 0 0 0 -1 1 0 0
20 12 0.200000
6 19 19 12 11 6 13 4 7 14 17 10 13 1 3 10 4 10 8 12
0 -1 -1 -1 0 -1 1 -1 0 -1 -1 1
0 1 1 -1 -1 1 -1 1 -1 0 -1 -1
1 -1 -1 -1 0 1 1 0 0 -1 0 0
-1 -1 1 0 -1 1 1 -1 -1 1 1 -1
0 1 -1 1 0 -1 -1 1 1 -1 -1 -1
0 -1 1 1 0 -1 0 -1 1 -1 -1 0
0 -1 1 1 0 -1 1 1 -1 0 -1 0
1 1 0 0 -1 -1 0 0 1 -1 0 0
0 -1 0 0 0 -1 1 -1 1 -1 1 -1
0 1 1 0 1 -1 -1 0 1 1 -1 1
-1 -1 -1 0 -1 1 -1 1 -1 -1 0 0
-1 -1 -1 1 1 1 -1 -1 -1 0 1 1
-1 1 1 -1 0 0 1 1 -1 0 -1 -1
1 -1 -1 -1 -1 -1 0 0 -1 0 1 0
1 0 0 1 -1 0 1 -1 -1 -1 1 1
0 1 -1 -1 0 0 -1 0 1 -1 0 0
0 0 -1 0 0 0 0 1 1 1 1 0
-1 -1 1 1 -1 0 0 1 0 1 -1 -1
1 -1 1 0 -1 0 1 0 1 1 -1 0
0 -1 0 1 0 0 1 0 0 -1 1 -1
20 12 0.200000
16 4 13 12 4 14 20 18 17 10 14 8 17 19 17 6 2 7 14 10
-1 1 -1 1 -1 1 -1 0 0 1 0 -1
0 -1 1 0 -1 1 -1 1 -1 0 1 -1
-1 1 1 0 -1 -1 1 -1 0 1 1 0
-1 -1 1 1 0 -1 1 -1 1 1 1 -1
1 1 -1 -1 -1 0 0 1 0 0 1 1
0 1 0 1 0 -1 -1 -1 1 -1 0 -1
1 -1 0 0 0 1 1 -1 -1 -1 1 0
1 0 0 -1 0 0 -1 0 0 1 1 0
1 1 0 -1 -1 0 -1 0 -1 0 1 1
1 -1 -1 0 1 -1 -1 0 -1 0 1 0
-1 1 -1 1 -1 0 -1 1 1 -1 1 0
1 1 1 1 1 -1 0 -1 0 1 1 -1
0 1 0 1 0 0 1 -1 0 0 -1 0
1 -1 -1 0 -1 1 1 -1 -1 0 1 1
0 1 1 0 -1 1 0 0 -1 1 -1 1
-1 1 -1 -1 1 0 -1 -1 -1 -1 0 1
0 0 -1 1 1 -1 0 -1 -1 1 1 1
0 -1 -1 1 1 -1 1 1 -1 1 0 1
1 1 0 1 0 1 1 0 -1 1 -1 0
0 0 1 -1 -1 1 -1 -1 0 1 1 1
20 12 0.200000
5 17 15 14 15 13 5 4 19 17 8 20 20 15 4 15 17 13 8 6
-1 -1 1 0 -1 0 0 1 -1 1 0 1
0 1 -1 -1 1 -1 -1 0 -1 1 -1 1
-1 0 0 -1 0 0 0 0 -1 1 0 0
0 1 0 0 0 0 0 -1 1 -1 0 1
0 0 0 1 1 -1 1 -1 0 -1 1 1
0 1 0 0 1 0 -1 1 1 0 1 -1
-1 -1 0 1 -1 1 0 -1 -1 -1 -1 -1
1 -1 1 -1 1 -1 0 1 0 0 1 0
0 0 -1 1 1 -1 1 0 1 -1 1 1
0 -1 0 0 1 -1 1 0 0 0 1 1
-1 -1 0 0 -1 1 0 1 1 0 0 0
1 1 -1 -1 1 -1 -1 -1 1 -1 0 1
-1 0 0 -1 -1 0 0 1 0 -1 0 1
1 1 -1 -1 1 0 0 -1 1 1 0 1
0 0 0 0 1 1 0 1 0 1 1 1
0 0 0 0 1 1 1 -1 -1 1 0 1
0 0 -1 -1 1 -1 0 -1 0 -1 0 -1
1 1 1 -1 -1 -1 1 1 0 1 -1 -1
0 -1 1 0 -1 -1 -1 1 0 -1 1 -1
1 -1 0 0 0 -1 -1 1 -1 0 0 -1
20 12 0.200000
16 5 19 8 16 7 18 2 1 16 7 14 9 1 3 2 15 6 14 6
-1 -1 0 1 -1 0 1 -1 -1 0 0 1
0 1 -1 0 0 0 -1 1 1 -1 0 -1
1 1 0 -1 1 0 -1 0 0 0 1 0
0 1 -1 1 0 -1 1 0 -1 0 0 1
-1 -1 -1 1 1 1 0 1 1 0 1 1
-1 -1 0 -1 1 1 -1 0 0 0 1 0
1 0 0 -1 1 0 -1 -1 1 1 0 -1
-1 0 0 0 1 1 0 -1 1 -1 -1 1
0 0 1 0 1 0 1 1 -1 0 -1 0
1 1 1 1 -1 0 -1 0 0 0 0 -1
0 0 1 -1 -1 -1 0 0 1 0 0 0
1 1 1 -1 0 -1 0 1 -1 0 -1 -1
1 0 1 1 -1 0 0 1 0 0 -1 -1
1 -1 -1 -1 -1 0 1 0 1 -1 1 1
1 -1 1 -1 1 -1 -1 1 -1 1 -1 -1
-1 -1 1 1 -1 0 1 -1 0 0 -1 0
-1 0 0 -1 1 1 1 0 0 0 0 0
1 0 -1 0 1 1 1 0 1 -1 0 0
0 1 -1 0 1 -1 1 -1 -1 1 0 0
0 -1 0 -1 -1 1 -1 -1 1 1 -1 -1
20 12 0.200000
14 15 5 13 1 12 10 20 3 8 8 3 7 10 9 19 5 15 2 17
0 -1 -1 1 0 1 1 -1 0 0 -1 1
1 0 -1 0 1 -1 -1 1 1 0 1 1
1 1 1 -1 -1 0 0 0 1 1 0 -1
-1 1 -1 0 0 0 -1 -1 0 0 1 1
1 0 0 1 -1 0 0 -1 -1 0 -1 0
1 1 0 1 0 0 -1 1 0 0 0 0
0 0 1 0 0 1 1 -1 -1 0 0 0
1 0 1 1 -1 0 -1 -1 -1 0 0 0
1 1 0 1 -1 -1 -1 1 1 1 0 0
-1 -1 -1 1 -1 1 1 0 1 -1 0 0
0 -1 0 0 0 0 -1 -1 1 -1 1 1
-1 0 1 1 0 -1 1 0 0 0 1 -1
0 0 -1 1 0 0 1 0 1 1 1 1
0 1 1 -1 0 -1 1 0 1 0 -1 1
-1 -1 1 0 -1 0 0 1 -1 1 1 0
-1 -1 0 0 0 0 1 -1 -1 1 0 0
0 1 1 1 0 0 -1 -1 0 -1 0 -1
0 0 0 0 1 -1 0 1 1 -1 1 1
0 0 0 0 1 0 1 1 0 0 0 1
0 0 0 -1 1 0 1 0 -1 -1 -1 1
