10
5 5 0.500000
19 8 16 1 15
0 -1 -1 0 0
-1 0 -1 1 0
-1 -1 -1 0 -1
1 -1 0 1 1
-1 1 1 0 -1
5 5 0.500000
20 12 9 16 13
1 1 1 1 1
0 0 1 1 0
1 1 -1 1 1
-1 1 1 0 0
0 1 -1 0 1
5 5 0.500000
14 5 12 17 4
-1 0 1 1 -1
0 1 1 -1 0
-1 0 -1 -1 1
-1 0 1 0 0
1 -1 -1 1 0
5 5 0.500000
17 7 17 2 4
-1 0 -1 -1 0
1 1 -1 0 0
0 -1 1 -1 -1
0 -1 0 0 0
0 1 0 -1 0
5 5 0.500000
19 10 13 11 10
-1 -1 -1 1 1
-1 -1 1 0 1
0 -1 -1 1 0
0 1 1 -1 -1
0 -1 -1 -1 1
5 5 0.500000
5 10 19 13 9
-1 0 0 -1 1
0 1 0 1 -1
-1 0 1 0 -1
0 0 0 1 -1
1 0 -1 1 0
5 5 0.500000
20 11 17 4 1
0 -1 0 1 -1
1 -1 0 1 1
-1 0 0 0 1
-1 1 -1 -1 0
-1 -1 1 0 1
5 5 0.500000
19 11 15 4 12
-1 0 -1 1 -1
1 1 1 0 1
-1 -1 1 1 0
-1 -1 -1 1 1
-1 -1 0 0 1
5 5 0.500000
3 5 10 8 20
-1 1 1 -1 1
0 1 1 1 -1
0 0 -1 -1 -1
0 1 -1 1 1
-1 0 -1 0 0
5 5 0.500000
9 6 14 10 12
1 -1 1 -1 0
0 -1 0 1 1
0 -1 0 -1 1
1 -1 -1 1 0
-1 1 0 1 -1
