100
10 10 0.333300
20 20 9 12 18 12 16 10 3 17
-1 0 -1 -1 0 -1 0 0 -1 0
0 -1 -1 -1 -1 1 1 0 0 -1
0 0 0 -1 -1 1 1 -1 0 0
0 1 1 0 0 -1 -1 1 -1 1
-1 0 1 0 0 0 -1 0 0 -1
0 -1 -1 0 -1 -1 0 -1 0 -1
-1 -1 1 0 1 -1 -1 -1 1 -1
-1 0 0 0 0 1 -1 -1 -1 1
1 1 0 0 -1 0 1 0 1 0
1 -1 -1 1 1 -1 0 1 -1 0
10 10 0.333300
1 2 16 12 6 3 8 10 3 13
1 -1 0 -1 0 -1 1 0 0 1
1 -1 0 1 -1 0 0 0 0 -1
0 1 0 -1 -1 -1 -1 1 0 1
-1 0 1 -1 1 0 1 -1 1 0
1 0 -1 1 -1 1 -1 1 -1 -1
-1 -1 0 -1 1 0 1 -1 1 0
0 0 0 -1 -1 1 0 1 0 0
-1 0 1 1 0 -1 -1 1 1 0
0 -1 0 1 -1 0 1 0 0 0
1 -1 -1 0 0 0 -1 0 -1 1
10 10 0.333300
4 16 4 17 19 17 8 17 9 1
0 0 0 -1 1 1 1 0 0 1
1 -1 0 0 0 1 1 0 1 0
-1 -1 -1 1 0 -1 1 0 1 0
1 -1 1 -1 0 -1 1 1 1 1
1 1 0 1 1 -1 -1 1 1 0
0 -1 -1 1 1 1 0 -1 -1 1
1 -1 -1 0 -1 -1 0 0 0 1
0 0 1 1 1 -1 1 1 1 1
0 -1 0 1 -1 0 1 0 1 0
-1 1 1 0 1 1 0 1 1 1
10 10 0.333300
4 15 9 19 11 20 10 11 6 4
1 1 -1 -1 0 0 0 1 -1 0
0 0 1 1 1 0 1 -1 1 -1
1 -1 1 1 -1 0 0 -1 1 0
0 0 1 1 1 0 0 1 -1 -1
-1 1 0 1 -1 -1 1 0 -1 -1
1 0 0 0 1 1 -1 -1 0 1
0 -1 1 1 -1 1 1 0 0 -1
0 0 -1 1 0 0 -1 0 -1 0
1 1 0 0 1 0 -1 1 1 -1
0 0 -1 0 0 1 0 1 -1 1
10 10 0.333300
2 10 19 15 18 19 9 12 19 7
0 -1 0 1 1 -1 1 -1 1 0
1 0 1 1 -1 -1 0 -1 -1 -1
0 -1 -1 0 -1 -1 1 1 -1 0
-1 1 1 -1 0 0 -1 0 1 -1
0 1 1 0 0 -1 1 -1 0 1
1 1 0 0 -1 0 1 1 -1 1
-1 0 -1 1 0 -1 1 1 -1 1
-1 1 1 1 0 0 -1 -1 -1 -1
0 -1 0 0 1 0 1 -1 -1 1
-1 1 1 0 -1 -1 0 0 1 1
10 10 0.333300
18 18 10 12 20 16 8 13 13 15
0 1 0 1 1 1 -1 -1 1 0
-1 0 -1 0 -1 -1 -1 0 -1 1
1 0 1 1 -1 -1 0 -1 1 1
1 0 -1 1 -1 -1 0 -1 0 -1
1 -1 -1 -1 -1 0 1 1 1 -1
1 -1 1 0 1 -1 0 -1 -1 1
0 1 1 0 1 0 1 -1 0 -1
-1 1 1 0 -1 0 1 -1 0 1
-1 1 0 1 0 -1 1 1 -1 1
1 -1 0 -1 0 -1 0 -1 0 1
10 10 0.333300
8 3 7 15 2 20 16 13 18 7
-1 1 0 -1 -1 1 0 0 -1 0
-1 1 0 0 -1 1 0 0 -1 1
1 0 0 0 -1 -1 1 -1 -1 1
0 -1 1 -1 -1 0 -1 -1 -1 0
0 -1 0 1 1 -1 0 -1 1 0
0 0 0 1 1 0 0 0 1 1
-1 1 -1 1 -1 -1 0 0 0 1
-1 -1 1 0 1 -1 1 -1 0 1
-1 0 1 -1 1 0 1 0 1 0
1 1 0 0 -1 0 0 -1 1 1
10 10 0.333300
18 10 1 9 13 6 15 17 3 12
1 0 1 1 -1 0 0 0 -1 -1
-1 -1 -1 -1 0 -1 0 1 1 -1
0 -1 1 0 -1 1 1 -1 1 -1
-1 -1 -1 1 0 -1 -1 -1 1 1
1 1 1 0 1 -1 0 -1 0 -1
1 0 -1 1 0 1 -1 -1 -1 0
-1 -1 -1 0 1 -1 0 1 0 -1
-1 0 1 0 -1 0 -1 1 -1 1
0 -1 0 -1 1 -1 1 0 0 1
1 0 0 -1 -1 0 -1 -1 1 -1
10 10 0.333300
12 7 4 14 4 19 10 20 17 16
0 0 0 -1 -1 1 0 0 0 -1
1 0 0 0 1 -1 -1 1 0 0
0 1 -1 1 0 1 0 -1 0 -1
0 1 0 0 0 0 0 -1 -1 0
1 0 -1 0 1 -1 1 0 0 0
1 -1 -1 -1 0 1 0 -1 -1 0
0 0 1 0 -1 -1 1 -1 0 0
0 0 0 0 1 -1 1 0 0 -1
-1 1 0 -1 1 1 -1 1 0 0
1 0 0 -1 0 -1 0 0 1 -1
10 10 0.333300
9 7 20 5 14 19 8 12 7 7
0 1 -1 1 -1 1 1 0 -1 1
1 -1 1 -1 0 -1 1 -1 0 -1
0 0 -1 0 1 0 1 1 1 -1
1 0 0 -1 -1 0 0 0 0 -1
0 1 1 -1 1 0 0 -1 0 -1
1 -1 0 0 1 -1 1 1 1 0
1 -1 0 -1 -1 0 -1 -1 -1 1
1 1 1 -1 0 1 0 -1 0 0
1 0 0 0 1 0 0 1 -1 0
-1 -1 0 1 0 1 -1 0 1 1
10 10 0.333300
5 9 16 3 12 13 2 14 8 12
-1 -1 1 1 1 0 -1 1 1 0
1 0 0 -1 -1 1 0 0 -1 0
0 1 1 1 0 0 1 -1 -1 1
0 0 1 -1 -1 1 1 0 1 1
0 1 0 -1 1 -1 -1 -1 -1 0
1 0 0 1 1 0 1 -1 1 0
1 -1 0 1 1 -1 -1 0 -1 -1
1 1 0 0 0 0 1 0 0 0
0 1 -1 1 1 0 0 1 0 1
-1 0 -1 1 -1 0 -1 1 1 1
10 10 0.333300
5 13 2 7 14 12 11 2 18 5
1 1 1 1 0 0 0 1 -1 1
0 0 -1 1 0 1 1 0 0 1
1 0 0 1 1 0 1 1 -1 0
-1 -1 0 -1 -1 1 0 0 1 0
1 0 -1 -1 1 0 0 1 1 -1
-1 -1 1 -1 -1 0 -1 1 0 0
1 1 0 0 -1 -1 0 0 -1 0
1 1 1 0 0 0 -1 1 1 0
1 1 1 -1 -1 1 0 1 -1 -1
1 0 0 0 1 -1 -1 -1 -1 -1
10 10 0.333300
9 19 16 14 2 16 2 8 7 18
0 1 0 1 0 0 0 0 -1 0
-1 -1 0 0 0 0 0 0 -1 -1
1 1 -1 -1 1 1 -1 1 0 -1
0 1 1 1 1 1 -1 0 1 0
1 -1 -1 -1 0 -1 1 0 1 1
-1 1 1 1 1 -1 -1 1 0 1
1 -1 -1 1 -1 0 1 -1 1 -1
-1 0 -1 0 0 1 -1 1 1 -1
-1 0 -1 0 -1 1 -1 1 0 1
-1 1 -1 0 0 -1 -1 -1 0 0
10 10 0.333300
17 5 11 3 13 14 20 2 6 8
0 -1 1 0 0 0 0 1 0 0
-1 1 -1 -1 1 1 -1 1 0 0
0 0 -1 0 0 -1 -1 0 1 1
-1 0 1 0 -1 1 1 -1 0 -1
-1 0 1 0 1 -1 1 1 1 -1
1 -1 -1 -1 -1 -1 -1 0 1 1
0 -1 0 0 1 -1 1 1 -1 1
0 1 0 0 0 -1 -1 0 0 1
-1 0 0 -1 -1 -1 1 -1 -1 1
-1 -1 0 -1 0 0 1 1 -1 0
10 10 0.333300
9 8 10 13 1 13 5 2 9 12
1 0 -1 -1 0 1 1 1 1 -1
0 0 -1 0 1 1 1 -1 0 1
-1 -1 0 0 -1 -1 1 1 -1 0
-1 0 -1 -1 -1 -1 0 -1 0 1
-1 0 1 0 -1 -1 0 0 0 -1
-1 0 1 0 -1 0 -1 1 1 0
0 -1 -1 -1 -1 0 -1 1 0 -1
1 0 0 0 -1 1 -1 0 0 -1
-1 0 1 1 -1 0 0 0 1 -1
-1 0 0 0 1 -1 0 -1 -1 0
10 10 0.333300
7 8 13 13 15 12 7 3 16 4
-1 1 1 -1 1 -1 -1 1 0 -1
-1 -1 -1 0 1 1 1 -1 0 -1
0 0 1 -1 -1 -1 -1 0 -1 1
-1 0 0 1 1 -1 1 0 1 -1
-1 1 1 -1 0 1 -1 -1 -1 0
0 0 0 1 0 1 -1 -1 -1 -1
0 -1 -1 0 0 0 1 1 -1 1
-1 -1 0 0 -1 1 1 1 0 -1
-1 -1 -1 0 -1 -1 0 0 -1 0
1 -1 1 0 1 1 -1 0 -1 0
10 10 0.333300
16 6 14 1 13 18 1 16 5 8
0 -1 0 -1 -1 -1 -1 1 -1 1
1 1 1 0 -1 1 -1 -1 -1 -1
-1 1 -1 0 0 1 -1 -1 -1 0
1 1 1 1 -1 -1 0 0 1 1
0 1 1 -1 1 -1 1 0 1 1
-1 -1 -1 1 1 -1 0 1 -1 1
1 0 -1 0 1 -1 0 0 -1 0
0 1 -1 1 1 1 1 -1 1 0
0 1 1 1 1 1 0 -1 0 -1
0 1 1 1 -1 1 -1 -1 -1 1
10 10 0.333300
16 11 4 12 9 4 1 2 10 2
1 -1 -1 -1 0 1 -1 -1 1 1
1 0 -1 0 -1 0 -1 1 -1 -1
-1 1 -1 0 0 0 -1 0 1 0
1 1 0 -1 -1 0 0 1 -1 0
0 0 0 1 0 0 1 -1 0 -1
0 -1 -1 1 1 0 1 1 -1 -1
0 -1 -1 -1 0 1 -1 1 0 -1
1 -1 0 0 1 1 0 -1 1 -1
1 1 1 1 1 0 1 -1 1 -1
0 -1 -1 -1 1 -1 1 0 0 1
10 10 0.333300
3 3 1 9 9 10 11 6 15 5
-1 -1 0 0 -1 -1 -1 0 0 -1
1 0 -1 -1 -1 1 1 1 1 -1
1 1 1 1 0 0 -1 1 -1 1
-1 -1 0 -1 0 -1 -1 -1 -1 0
1 -1 1 1 1 0 -1 -1 -1 1
-1 0 0 1 0 1 0 -1 1 0
0 -1 1 0 0 -1 1 1 -1 -1
-1 0 0 1 1 0 -1 1 0 -1
-1 -1 -1 1 1 1 -1 -1 0 -1
0 1 1 -1 1 -1 1 1 1 1
10 10 0.333300
19 5 17 1 14 7 17 16 8 3
-1 -1 1 0 1 1 0 1 0 -1
0 0 1 -1 -1 -1 -1 -1 1 1
0 -1 1 -1 0 0 -1 1 1 -1
0 1 0 -1 1 -1 0 1 0 0
1 -1 -1 1 -1 0 0 -1 1 1
-1 0 -1 -1 -1 0 0 0 0 1
0 0 0 0 1 1 0 1 0 -1
0 1 1 -1 0 -1 1 1 0 1
0 1 0 1 1 -1 1 0 1 -1
-1 1 1 -1 -1 -1 -1 -1 0 0
10 10 0.333300
6 5 18 19 9 17 11 16 3 4
0 1 -1 1 0 -1 -1 -1 -1 -1
0 -1 -1 1 -1 1 1 1 0 -1
-1 1 1 1 0 -1 -1 1 0 1
-1 1 1 1 0 0 1 -1 0 0
0 0 -1 -1 -1 0 1 1 0 -1
1 0 0 0 -1 -1 1 1 0 0
-1 0 -1 1 0 -1 -1 0 -1 -1
0 0 0 -1 -1 0 -1 0 -1 1
-1 1 1 1 0 -1 0 1 -1 1
0 -1 1 0 1 1 0 -1 0 -1
10 10 0.333300
4 13 13 10 12 10 15 4 8 2
-1 0 0 0 1 -1 1 0 1 -1
0 -1 1 -1 0 0 1 1 1 -1
1 -1 -1 1 -1 1 -1 0 1 1
1 -1 1 0 1 0 -1 -1 -1 -1
0 1 1 1 0 1 1 -1 -1 -1
1 1 1 -1 0 -1 -1 -1 -1 0
1 0 0 -1 1 0 -1 1 0 -1
0 -1 0 1 -1 1 1 0 -1 0
0 1 1 0 0 1 0 1 0 -1
1 0 0 -1 0 -1 0 0 1 0
10 10 0.333300
2 19 15 5 18 3 3 19 14 16
-1 1 0 1 1 -1 0 0 0 0
-1 1 1 -1 1 1 0 0 0 1
-1 -1 1 0 1 1 1 1 1 -1
1 0 -1 0 0 0 1 0 -1 -1
0 1 0 -1 1 0 1 -1 0 1
0 1 -1 -1 1 0 1 1 -1 0
1 1 -1 0 0 -1 -1 1 -1 -1
1 -1 0 0 0 0 1 0 -1 1
0 1 1 -1 0 0 1 1 1 0
1 -1 -1 -1 1 -1 1 1 -1 -1
10 10 0.333300
14 4 9 19 16 20 12 5 20 13
0 -1 -1 1 0 -1 1 -1 0 -1
-1 1 1 -1 -1 0 1 0 1 1
0 0 0 1 -1 0 -1 1 0 1
1 0 -1 -1 1 -1 1 -1 -1 1
1 0 1 0 -1 1 0 0 -1 1
1 -1 0 -1 -1 0 -1 1 0 1
-1 1 0 0 -1 1 -1 -1 -1 0
0 0 0 0 0 -1 0 1 1 0
-1 0 0 0 -1 1 -1 -1 -1 1
0 -1 0 1 -1 1 1 1 1 0
10 10 0.333300
14 5 7 7 13 4 18 8 14 12
0 0 0 0 1 0 -1 -1 -1 0
-1 0 0 -1 1 0 1 -1 0 0
1 0 1 1 1 0 1 -1 0 1
0 1 0 -1 -1 0 1 1 -1 0
1 0 -1 0 -1 1 -1 1 0 0
-1 -1 0 -1 0 -1 -1 0 1 -1
1 0 0 -1 1 0 -1 0 0 0
-1 -1 1 -1 0 0 -1 -1 0 0
-1 -1 0 1 1 -1 0 0 -1 0
0 0 1 -1 0 0 -1 -1 1 0
10 10 0.333300
17 13 18 19 4 19 8 20 2 13
-1 0 0 1 0 0 -1 1 0 0
0 -1 1 0 -1 0 1 0 0 -1
-1 -1 1 0 1 -1 1 -1 -1 1
1 -1 -1 1 1 1 -1 0 0 -1
1 1 0 -1 -1 1 0 0 1 0
1 0 1 1 1 -1 -1 1 -1 0
1 -1 1 1 -1 -1 0 1 -1 0
-1 0 1 1 -1 -1 0 1 0 1
0 -1 0 1 -1 -1 0 0 0 -1
-1 0 1 0 0 1 1 -1 -1 -1
10 10 0.333300
2 12 2 10 7 7 20 20 10 16
-1 -1 1 0 0 0 1 -1 -1 0
0 0 1 1 0 1 1 1 -1 0
0 -1 1 0 1 -1 -1 1 1 0
1 1 -1 1 -1 -1 1 -1 -1 1
-1 0 1 0 1 0 0 -1 -1 1
1 0 1 1 0 0 -1 -1 0 -1
0 0 0 0 0 -1 1 -1 0 1
0 -1 0 1 -1 0 0 -1 1 0
-1 1 -1 -1 0 1 0 -1 0 1
1 -1 0 0 -1 0 0 -1 1 -1
10 10 0.333300
12 16 14 19 17 8 17 16 12 13
-1 -1 0 -1 1 -1 1 1 -1 -1
-1 0 -1 -1 1 -1 -1 -1 0 -1
1 0 -1 -1 0 0 1 -1 -1 -1
-1 0 1 0 0 0 -1 1 0 -1
0 1 -1 1 -1 1 1 1 -1 0
1 0 -1 -1 1 -1 0 -1 0 0
1 0 -1 0 -1 0 -1 0 1 -1
-1 -1 1 1 1 0 0 0 0 0
-1 0 -1 -1 0 -1 1 0 0 -1
-1 -1 1 1 1 0 -1 -1 1 -1
10 10 0.333300
20 5 3 7 17 11 2 3 3 1
-1 -1 0 0 0 0 -1 1 -1 -1
-1 -1 1 1 1 1 -1 1 0 1
1 1 -1 0 1 1 1 -1 1 -1
-1 0 1 0 0 0 0 0 -1 -1
1 0 1 1 1 -1 -1 1 -1 -1
0 0 0 -1 -1 1 0 0 1 0
1 1 1 1 1 0 0 -1 0 1
1 1 1 0 0 1 -1 -1 -1 0
1 -1 -1 0 0 0 -1 0 -1 -1
-1 0 0 1 0 1 -1 -1 -1 1
10 10 0.333300
8 18 9 12 8 2 14 1 20 18
-1 0 0 -1 1 -1 1 0 0 -1
0 -1 -1 -1 1 1 1 1 -1 -1
-1 1 0 -1 0 -1 1 0 0 0
1 -1 1 -1 -1 1 1 1 0 0
-1 -1 -1 -1 1 1 1 1 -1 -1
1 1 0 1 -1 0 1 -1 0 0
-1 1 0 0 1 1 0 0 0 -1
-1 0 0 1 1 1 1 0 1 -1
0 0 0 -1 0 1 0 0 -1 1
0 0 0 0 -1 1 0 -1 0 1
10 10 0.333300
15 2 17 12 16 11 13 3 3 8
1 0 -1 1 -1 1 0 0 1 0
1 -1 1 1 0 -1 -1 1 1 -1
-1 0 1 0 -1 0 1 -1 0 0
0 1 -1 1 1 0 1 -1 0 -1
-1 -1 -1 -1 0 1 1 1 1 -1
0 -1 1 1 1 -1 -1 1 1 1
1 0 -1 -1 1 0 0 -1 0 0
1 0 1 0 0 1 1 0 0 -1
-1 -1 -1 -1 -1 -1 1 -1 -1 -1
0 1 -1 -1 1 1 0 1 0 1
10 10 0.333300
17 1 16 9 17 19 19 6 2 6
0 -1 -1 1 0 0 1 1 0 1
-1 1 1 -1 0 -1 0 0 0 -1
-1 0 0 0 -1 0 1 1 0 0
-1 -1 -1 1 -1 1 1 -1 -1 1
0 1 0 0 0 -1 1 0 -1 -1
-1 1 1 -1 1 1 0 -1 0 -1
-1 0 0 1 1 0 -1 0 -1 0
1 0 0 1 1 1 -1 0 1 0
1 -1 1 0 1 1 0 0 0 -1
1 1 1 1 1 -1 -1 1 0 1
10 10 0.333300
2 17 14 14 16 6 15 20 7 2
1 -1 0 0 0 1 1 -1 0 1
-1 1 1 0 -1 1 0 -1 0 1
1 -1 0 -1 1 1 1 1 0 0
-1 -1 1 0 0 1 -1 0 1 0
0 1 0 0 1 0 -1 -1 1 1
-1 0 0 -1 1 1 0 0 0 0
0 1 1 -1 0 -1 0 1 0 1
0 0 0 -1 0 0 0 1 0 -1
0 -1 1 -1 -1 1 -1 -1 0 1
0 -1 1 1 -1 1 -1 0 1 1
10 10 0.333300
20 11 9 8 20 7 15 14 5 7
1 1 -1 1 0 0 1 -1 1 0
1 0 0 -1 0 -1 -1 0 0 -1
-1 0 1 0 1 1 1 1 -1 -1
-1 0 1 -1 -1 -1 -1 -1 1 -1
1 1 0 1 0 -1 1 -1 1 -1
0 1 0 -1 1 -1 1 0 0 -1
0 0 -1 -1 0 0 -1 1 -1 -1
1 1 -1 -1 -1 -1 -1 1 0 -1
1 -1 -1 1 -1 1 -1 -1 0 -1
0 -1 0 0 -1 -1 -1 1 1 1
10 10 0.333300
11 8 19 6 8 13 6 14 11 7
0 -1 1 -1 0 -1 -1 0 1 1
0 1 1 0 -1 0 1 0 0 1
0 0 1 1 0 1 0 0 0 1
1 0 -1 -1 0 1 -1 -1 -1 1
1 -1 1 -1 -1 -1 0 1 0 0
1 -1 -1 1 1 1 -1 1 0 0
1 1 -1 -1 1 1 0 1 1 0
-1 -1 -1 -1 0 0 -1 0 0 0
-1 0 0 0 -1 1 0 1 -1 0
-1 0 1 0 -1 0 1 0 -1 0
10 10 0.333300
17 16 16 12 1 20 4 6 9 9
0 -1 0 1 0 0 0 0 -1 0
0 -1 -1 0 1 1 0 -1 -1 0
-1 0 -1 1 0 1 -1 -1 0 0
-1 0 0 1 0 1 -1 -1 -1 0
-1 -1 -1 -1 0 -1 -1 -1 0 -1
1 1 0 1 1 -1 -1 -1 -1 1
1 -1 1 -1 0 1 0 1 0 1
1 1 0 1 0 -1 -1 1 0 0
-1 0 0 0 -1 -1 0 -1 -1 -1
0 0 -1 1 1 -1 0 0 0 -1
10 10 0.333300
14 7 12 10 9 4 8 11 18 1
-1 1 0 0 1 0 0 -1 1 -1
1 1 -1 0 -1 -1 0 0 -1 0
-1 -1 -1 0 0 0 0 1 -1 0
-1 1 -1 0 1 -1 1 1 1 1
-1 -1 -1 -1 0 0 -1 1 -1 1
1 0 -1 0 -1 1 -1 -1 0 0
-1 1 1 -1 -1 -1 1 1 0 1
0 0 1 0 1 0 1 -1 -1 0
-1 0 -1 1 -1 1 -1 0 -1 0
-1 1 1 0 0 0 0 -1 -1 1
10 10 0.333300
1 1 1 8 10 17 11 9 17 16
1 1 0 0 -1 -1 1 -1 0 1
1 -1 1 0 1 -1 -1 1 0 1
-1 -1 -1 1 0 1 0 -1 1 -1
1 0 1 1 1 -1 0 0 0 0
1 0 -1 -1 1 0 -1 0 0 0
-1 -1 0 0 0 -1 1 0 1 -1
1 0 1 -1 0 -1 1 -1 1 -1
1 -1 0 -1 0 -1 1 -1 1 0
1 -1 0 1 0 1 1 0 0 1
-1 -1 -1 -1 1 -1 0 0 -1 1
10 10 0.333300
16 17 7 7 4 1 15 14 17 2
-1 1 -1 1 1 -1 -1 0 -1 1
-1 0 -1 -1 -1 0 -1 -1 0 1
-1 1 -1 -1 0 -1 1 -1 1 0
1 -1 1 1 0 0 1 -1 0 0
0 1 1 -1 1 1 0 0 0 -1
-1 0 -1 0 0 0 1 1 -1 1
1 1 0 0 0 0 1 -1 0 -1
-1 -1 0 -1 -1 -1 1 0 -1 0
0 0 -1 0 1 1 -1 -1 1 1
0 1 0 1 -1 -1 -1 0 -1 0
10 10 0.333300
1 20 1 14 3 8 9 7 1 4
0 -1 -1 1 -1 -1 -1 1 1 0
-1 -1 0 0 1 -1 -1 0 -1 -1
-1 -1 -1 0 -1 1 1 0 0 0
-1 -1 1 0 0 1 1 1 1 -1
0 -1 1 1 0 -1 -1 0 1 -1
-1 -1 0 0 1 -1 0 1 -1 1
0 1 -1 -1 1 -1 1 1 0 -1
0 -1 0 0 -1 1 1 0 0 -1
1 -1 -1 -1 1 -1 1 0 -1 -1
0 1 1 -1 1 -1 0 -1 1 -1
10 10 0.333300
17 6 15 19 19 12 11 20 7 10
0 0 -1 -1 -1 -1 0 0 1 -1
1 1 -1 1 -1 0 0 0 1 -1
-1 0 1 1 1 0 -1 -1 1 0
-1 -1 -1 -1 1 0 0 1 -1 -1
1 0 1 0 0 -1 0 0 1 0
0 1 0 1 1 0 1 0 -1 0
0 0 1 1 1 1 0 0 0 -1
0 0 0 -1 1 1 0 0 0 1
0 1 -1 1 0 -1 0 1 -1 1
1 0 -1 1 1 -1 -1 1 -1 -1
10 10 0.333300
12 5 2 5 1 19 19 6 9 8
-1 0 -1 1 -1 0 -1 0 1 1
1 0 1 1 1 -1 -1 0 1 -1
-1 0 1 0 -1 1 -1 1 -1 0
0 1 -1 1 -1 -1 0 0 1 0
0 -1 1 0 0 0 -1 0 1 -1
0 -1 -1 -1 0 0 1 -1 0 0
0 -1 1 1 1 1 -1 0 0 -1
-1 -1 -1 0 1 1 1 0 1 0
-1 1 1 0 -1 1 -1 -1 -1 0
1 0 1 1 1 0 -1 -1 0 1
10 10 0.333300
8 8 17 10 15 18 2 20 8 16
0 0 -1 -1 0 1 0 -1 -1 1
1 -1 0 0 1 1 1 -1 -1 -1
0 0 0 -1 1 1 0 1 -1 -1
-1 1 1 -1 1 0 0 1 -1 -1
1 0 -1 1 0 1 -1 -1 -1 0
-1 -1 0 1 0 1 1 -1 0 -1
1 -1 -1 -1 1 1 0 1 1 0
0 1 1 1 -1 -1 0 0 -1 -1
-1 1 -1 -1 0 0 1 0 0 -1
0 -1 0 0 0 1 0 1 -1 1
10 10 0.333300
9 7 14 10 5 15 20 9 14 20
1 -1 0 0 1 1 1 0 0 -1
-1 0 0 1 0 -1 0 1 -1 0
1 1 -1 1 -1 0 0 0 0 0
-1 1 1 -1 1 0 -1 1 1 0
0 0 1 0 -1 0 0 0 0 -1
0 1 0 1 0 1 0 -1 -1 -1
-1 1 -1 1 0 1 0 1 -1 0
0 1 1 -1 0 -1 1 -1 0 -1
-1 1 -1 0 0 -1 0 1 -1 -1
-1 0 0 -1 0 0 0 -1 -1 -1
10 10 0.333300
5 11 11 8 17 12 7 14 16 2
-1 0 0 0 0 1 -1 -1 -1 -1
-1 1 -1 0 1 -1 -1 1 1 1
0 1 -1 1 0 0 -1 -1 -1 -1
1 -1 0 1 -1 1 1 0 -1 1
1 -1 -1 -1 0 -1 0 0 0 -1
0 1 0 0 -1 1 0 0 0 1
0 0 -1 1 -1 0 -1 -1 1 0
1 1 0 1 -1 1 -1 0 1 -1
0 0 -1 0 -1 1 -1 0 0 0
1 0 0 1 1 1 1 0 1 -1
10 10 0.333300
5 14 13 17 4 2 1 1 18 8
-1 0 -1 -1 0 1 -1 -1 0 0
0 0 -1 -1 -1 -1 -1 0 1 -1
0 0 1 1 -1 1 0 0 1 0
-1 -1 0 1 -1 1 1 -1 -1 1
1 0 1 -1 -1 0 -1 1 0 -1
1 1 0 0 1 -1 -1 -1 -1 1
-1 0 1 -1 1 1 -1 -1 0 -1
1 -1 -1 0 0 1 -1 1 1 1
-1 1 -1 -1 -1 -1 0 1 0 1
1 0 0 1 1 0 -1 -1 -1 -1
10 10 0.333300
8 8 9 1 4 13 11 7 11 12
1 0 0 1 0 1 1 1 -1 -1
-1 1 0 -1 -1 -1 -1 1 0 1
1 0 0 0 0 -1 0 1 -1 0
-1 0 1 0 0 1 0 0 -1 0
-1 -1 0 -1 1 0 -1 1 -1 0
0 -1 1 -1 -1 -1 -1 -1 0 -1
0 1 0 1 0 0 1 1 1 -1
-1 0 -1 1 1 -1 -1 -1 1 1
-1 1 -1 -1 -1 1 -1 0 1 -1
1 1 0 1 0 -1 -1 1 0 -1
10 10 0.333300
6 8 9 2 6 15 11 11 17 16
-1 -1 0 0 1 1 -1 -1 -1 0
0 1 -1 1 1 -1 1 1 1 1
0 -1 0 0 -1 0 1 0 -1 0
0 1 -1 1 1 -1 1 1 -1 0
0 0 1 -1 -1 1 1 1 1 0
0 1 1 0 -1 -1 0 0 0 0
0 1 -1 -1 0 -1 0 -1 -1 1
0 -1 -1 0 1 1 0 -1 -1 1
0 -1 1 0 -1 0 -1 0 1 0
0 1 1 0 -1 -1 0 0 -1 0
10 10 0.333300
8 15 13 15 3 4 14 9 2 6
1 0 1 -1 0 -1 -1 -1 1 -1
1 0 1 -1 -1 1 -1 -1 -1 0
-1 0 1 -1 0 1 1 -1 1 1
-1 -1 -1 -1 -1 0 -1 -1 0 -1
0 0 0 -1 1 0 1 1 -1 1
-1 -1 0 1 0 1 0 -1 1 0
1 0 1 1 -1 0 1 0 0 0
0 0 -1 1 0 1 1 0 1 0
0 1 -1 0 -1 0 -1 1 1 -1
0 1 1 0 0 -1 -1 1 1 0
10 10 0.333300
19 6 13 13 17 19 9 10 9 10
0 -1 0 0 1 0 0 -1 -1 0
0 0 0 -1 -1 0 0 -1 -1 1
1 0 -1 -1 1 -1 1 -1 1 -1
-1 0 -1 0 -1 -1 1 1 0 1
0 0 0 1 -1 0 1 0 0 1
1 0 -1 -1 1 1 1 1 -1 0
0 0 1 0 -1 -1 -1 1 1 1
1 -1 0 -1 0 0 -1 -1 0 -1
1 1 1 0 -1 -1 0 1 0 0
-1 1 1 0 1 0 1 0 -1 0
10 10 0.333300
13 3 19 3 13 5 3 17 18 4
0 0 1 0 0 0 0 0 -1 -1
-1 1 0 -1 1 0 -1 0 0 1
0 -1 0 1 1 1 1 0 1 0
-1 1 1 1 -1 1 0 0 0 0
1 0 1 0 1 -1 0 -1 1 0
-1 1 0 0 1 0 -1 1 1 1
-1 0 -1 0 0 0 -1 1 0 0
-1 1 0 -1 -1 0 0 -1 1 0
0 0 0 -1 -1 -1 0 1 -1 1
0 -1 -1 1 1 1 1 -1 0 0
10 10 0.333300
12 5 12 3 7 18 15 6 1 15
-1 -1 0 0 1 0 -1 0 0 -1
1 -1 0 0 -1 0 0 -1 0 1
0 1 0 0 -1 0 0 1 0 0
-1 1 0 1 0 0 0 1 1 -1
1 -1 1 1 0 1 1 -1 -1 0
0 1 1 1 -1 0 -1 1 -1 -1
-1 -1 0 0 1 1 -1 0 -1 0
1 -1 1 0 0 -1 1 1 0 -1
0 1 1 -1 1 0 -1 -1 0 1
0 0 0 -1 1 -1 -1 0 1 -1
10 10 0.333300
12 14 17 5 11 3 13 3 12 19
-1 1 -1 -1 0 0 1 0 1 -1
1 -1 -1 1 0 -1 -1 1 0 0
0 -1 -1 0 1 1 1 0 1 1
1 1 1 -1 0 -1 -1 1 1 1
-1 1 -1 -1 -1 1 1 -1 1 0
0 1 -1 -1 -1 0 0 1 -1 -1
-1 -1 1 -1 1 1 -1 0 -1 1
-1 1 0 0 -1 -1 1 1 -1 -1
-1 0 1 0 -1 1 1 -1 -1 -1
-1 1 0 0 -1 0 0 0 0 0
10 10 0.333300
12 18 16 6 1 13 13 1 14 15
-1 1 1 -1 1 0 0 1 0 0
-1 1 1 1 1 0 0 -1 0 1
-1 -1 0 1 0 1 0 0 1 1
1 0 0 1 0 0 -1 0 0 1
-1 -1 1 -1 -1 1 1 1 0 0
-1 1 1 1 0 -1 1 1 -1 1
-1 1 0 1 0 0 1 -1 -1 -1
0 0 1 0 -1 1 -1 0 0 1
1 -1 1 1 0 -1 1 -1 0 -1
0 0 1 1 0 1 0 -1 1 1
10 10 0.333300
9 3 1 15 5 5 3 13 1 5
1 1 0 -1 1 0 -1 0 -1 0
1 0 0 1 -1 -1 0 0 1 0
0 1 1 1 0 0 0 1 0 1
1 1 -1 -1 0 0 -1 0 0 1
0 1 -1 -1 1 0 1 -1 -1 -1
-1 0 1 -1 1 -1 -1 0 0 0
1 0 0 0 -1 0 0 0 0 -1
1 0 1 -1 -1 -1 0 -1 0 1
1 0 -1 1 -1 1 1 0 1 1
-1 1 -1 1 0 0 0 -1 1 0
10 10 0.333300
15 18 7 7 12 3 9 14 19 6
-1 1 0 -1 0 -1 1 1 -1 1
0 0 1 -1 0 1 1 1 0 1
0 1 0 -1 0 -1 1 1 -1 1
-1 -1 -1 1 1 -1 1 -1 -1 0
1 -1 0 1 0 0 0 -1 0 -1
1 1 1 1 0 1 0 0 0 1
0 -1 1 1 -1 -1 1 1 -1 1
-1 0 1 0 1 0 -1 -1 0 1
1 -1 0 0 0 0 -1 -1 -1 -1
-1 -1 -1 0 1 -1 0 1 1 1
10 10 0.333300
17 20 3 2 18 9 13 11 12 9
-1 1 0 -1 1 -1 -1 -1 0 -1
-1 0 1 1 1 -1 1 0 0 0
1 0 -1 1 0 -1 -1 -1 0 1
1 1 0 0 1 0 0 0 0 1
-1 1 1 0 1 0 -1 1 -1 1
-1 0 -1 -1 1 -1 -1 -1 1 0
-1 1 0 1 1 0 1 -1 1 -1
1 -1 -1 -1 0 0 -1 -1 1 -1
1 -1 1 -1 1 -1 -1 1 0 -1
0 0 -1 0 -1 1 0 0 0 0
10 10 0.333300
12 15 14 6 10 10 16 15 7 20
0 -1 -1 0 0 1 0 0 1 0
1 0 0 -1 -1 -1 -1 0 -1 -1
0 -1 0 1 0 -1 1 0 0 -1
-1 -1 1 -1 -1 1 0 1 0 0
0 -1 -1 0 -1 0 0 0 0 -1
0 1 1 -1 1 -1 0 0 1 1
1 -1 -1 1 -1 0 0 -1 -1 1
0 0 1 -1 0 1 -1 1 -1 1
1 1 0 1 0 -1 0 1 0 0
1 -1 0 -1 0 1 0 1 0 1
10 10 0.333300
7 3 3 19 13 19 4 3 12 19
-1 1 1 1 1 1 1 1 0 0
-1 1 0 0 -1 -1 0 -1 0 1
1 0 1 -1 1 0 0 0 1 1
0 1 0 1 1 1 -1 1 1 1
-1 1 1 0 -1 0 1 -1 -1 1
0 0 -1 -1 1 1 -1 -1 1 -1
1 0 0 1 1 1 -1 0 -1 -1
0 0 1 0 0 0 -1 1 1 -1
1 -1 0 1 -1 1 -1 1 0 0
-1 0 -1 1 0 -1 0 1 0 0
10 10 0.333300
15 19 13 6 20 14 10 3 5 15
0 1 1 -1 -1 1 1 1 0 -1
0 -1 1 0 0 -1 0 1 0 -1
0 -1 1 -1 -1 -1 0 0 -1 -1
1 -1 1 0 0 0 1 1 0 -1
0 -1 0 0 0 1 0 1 -1 -1
0 0 -1 1 1 -1 -1 1 -1 -1
0 0 0 -1 -1 -1 0 0 1 -1
-1 0 -1 -1 1 -1 1 0 -1 1
-1 -1 -1 -1 1 -1 0 -1 1 1
0 0 0 -1 1 1 0 -1 1 1
10 10 0.333300
14 14 7 12 2 11 19 20 17 17
-1 0 1 -1 1 -1 0 1 0 0
1 0 0 -1 0 -1 -1 1 -1 1
0 -1 -1 -1 0 0 -1 0 -1 0
1 -1 1 -1 1 -1 0 0 1 1
1 -1 0 1 -1 0 -1 0 1 -1
1 0 -1 1 -1 0 -1 1 0 0
-1 -1 0 1 0 1 1 1 1 -1
-1 -1 0 1 0 -1 1 -1 1 1
-1 -1 0 0 1 1 1 1 0 1
0 0 -1 -1 1 -1 1 0 0 1
10 10 0.333300
4 4 19 14 15 1 7 4 16 7
0 -1 1 -1 0 0 0 1 0 1
-1 1 0 1 -1 0 -1 -1 -1 0
0 1 0 0 -1 0 -1 0 1 1
0 1 1 1 0 -1 -1 0 1 0
-1 1 -1 -1 1 0 0 -1 -1 0
-1 0 0 1 1 1 -1 0 -1 0
-1 0 0 0 -1 -1 1 1 0 1
-1 0 1 0 0 -1 1 1 1 1
1 0 1 1 -1 1 0 1 -1 1
0 1 0 -1 0 0 0 -1 0 1
10 10 0.333300
2 4 13 1 7 15 17 7 13 14
1 0 -1 0 0 1 0 1 0 1
1 0 -1 0 0 1 -1 1 0 1
0 1 0 0 -1 0 -1 -1 1 0
0 0 -1 0 0 1 1 0 1 1
-1 -1 -1 0 1 -1 -1 1 1 -1
0 1 0 0 0 1 0 1 1 0
0 1 0 1 1 -1 -1 1 0 1
0 -1 1 1 1 0 0 1 -1 0
1 1 -1 0 1 0 1 1 1 1
0 -1 1 0 1 1 -1 0 1 -1
10 10 0.333300
9 12 16 4 17 9 16 12 19 20
1 0 1 -1 0 -1 -1 1 0 0
0 1 0 0 1 -1 1 1 1 -1
1 1 -1 -1 -1 1 -1 0 0 -1
0 1 1 1 0 1 1 0 1 0
1 -1 -1 1 -1 1 0 1 0 -1
1 -1 0 -1 1 0 -1 -1 -1 -1
1 1 1 1 0 0 -1 -1 -1 -1
1 -1 -1 0 0 1 1 0 0 0
-1 -1 0 0 0 1 -1 -1 0 -1
0 0 0 1 0 0 -1 1 0 0
10 10 0.333300
2 12 4 15 20 2 1 4 14 3
-1 1 0 -1 0 -1 -1 1 0 -1
0 0 0 1 -1 0 0 0 -1 1
0 -1 -1 1 0 -1 -1 1 -1 0
0 0 -1 1 1 -1 0 1 -1 0
1 -1 0 1 1 -1 1 -1 -1 0
-1 0 -1 -1 -1 1 0 -1 -1 -1
1 -1 1 1 0 -1 -1 -1 0 0
0 0 0 1 1 1 1 0 0 0
0 0 0 -1 0 0 1 0 -1 -1
1 0 1 -1 0 -1 -1 -1 -1 1
10 10 0.333300
9 8 12 9 2 7 3 10 13 14
-1 1 -1 1 1 0 1 1 -1 1
1 -1 -1 1 -1 -1 1 0 1 1
-1 1 -1 1 1 -1 0 0 1 1
1 -1 1 0 1 0 0 0 -1 -1
1 0 -1 0 1 0 0 -1 1 0
-1 0 0 -1 1 0 0 1 1 1
0 1 -1 1 1 -1 0 -1 -1 -1
0 -1 -1 0 0 1 0 1 -1 0
-1 1 -1 1 1 -1 -1 1 1 0
-1 -1 0 1 -1 1 -1 0 1 0
10 10 0.333300
1 3 16 5 3 14 10 11 1 20
1 0 1 1 -1 0 -1 1 0 0
-1 0 0 1 -1 -1 -1 1 1 0
1 1 -1 0 0 1 1 -1 0 0
0 1 1 0 0 -1 1 -1 -1 1
-1 -1 -1 -1 -1 0 0 1 -1 0
1 0 -1 1 -1 0 -1 -1 -1 0
-1 -1 0 0 1 0 1 0 -1 1
-1 -1 -1 1 0 0 0 0 0 0
0 -1 0 -1 0 0 -1 -1 -1 0
0 1 -1 0 0 1 1 -1 1 -1
10 10 0.333300
11 13 14 13 13 5 12 7 3 9
1 -1 0 -1 -1 0 -1 -1 -1 1
0 0 0 0 -1 -1 0 1 1 0
0 0 0 -1 0 0 -1 1 1 0
-1 1 0 1 0 -1 0 1 0 -1
0 0 -1 0 0 1 -1 1 -1 -1
-1 1 1 0 0 1 -1 0 1 0
-1 -1 0 1 1 1 0 1 -1 -1
1 1 -1 1 1 1 1 -1 0 -1
0 1 1 0 -1 0 0 1 -1 -1
0 0 1 1 1 0 0 0 -1 1
10 10 0.333300
11 13 15 17 7 6 18 3 18 1
1 0 0 1 0 0 -1 1 0 1
1 0 1 -1 0 1 0 -1 -1 0
1 1 1 1 -1 -1 0 1 1 -1
0 -1 0 -1 0 1 1 0 1 1
-1 -1 1 1 1 0 -1 0 0 0
1 -1 -1 -1 1 1 0 1 -1 0
-1 1 -1 1 1 -1 1 0 -1 1
1 -1 -1 1 -1 0 0 1 0 0
1 -1 -1 -1 -1 1 1 -1 -1 -1
-1 -1 0 1 1 0 -1 -1 1 1
10 10 0.333300
7 13 8 13 18 17 11 16 16 4
1 0 0 0 0 0 0 -1 0 0
1 1 0 -1 1 -1 0 1 -1 -1
1 1 -1 1 0 -1 -1 0 -1 -1
-1 1 -1 -1 0 1 1 -1 0 0
0 1 -1 0 -1 1 -1 0 1 -1
0 -1 1 1 -1 0 1 0 1 0
0 1 0 0 0 0 0 -1 1 -1
0 0 0 1 -1 0 1 1 -1 -1
-1 -1 -1 1 -1 -1 -1 1 1 -1
-1 0 -1 1 0 1 1 1 1 0
10 10 0.333300
6 19 7 7 13 6 2 1 15 18
1 1 0 -1 1 -1 0 -1 0 -1
1 1 -1 1 1 1 1 0 -1 0
0 1 0 -1 0 -1 -1 1 1 -1
0 1 1 -1 1 1 0 0 1 -1
1 1 -1 0 -1 1 -1 0 -1 -1
1 1 0 1 -1 -1 -1 0 0 0
0 1 -1 -1 -1 -1 -1 -1 -1 0
-1 0 1 -1 0 0 0 0 0 -1
-1 1 -1 -1 0 -1 1 -1 1 1
-1 -1 1 1 0 0 -1 1 0 -1
10 10 0.333300
18 1 14 3 16 16 18 15 15 3
0 1 1 0 -1 1 -1 0 -1 -1
0 -1 -1 1 1 0 1 1 1 -1
-1 0 -1 -1 0 -1 0 0 -1 -1
0 1 1 1 0 -1 -1 0 0 1
1 1 0 1 0 1 1 -1 0 0
-1 -1 1 -1 -1 0 0 -1 -1 1
1 1 -1 -1 -1 1 0 -1 1 0
0 -1 0 -1 -1 1 -1 -1 0 -1
1 -1 0 0 0 0 -1 -1 1 0
-1 0 0 -1 0 0 1 1 0 1
10 10 0.333300
14 8 20 14 15 17 3 10 10 15
1 1 -1 1 1 -1 1 -1 1 0
-1 1 -1 -1 -1 0 -1 0 -1 -1
0 0 1 1 1 1 1 0 0 1
1 -1 0 0 1 1 -1 -1 -1 -1
1 -1 0 1 -1 0 -1 0 0 -1
0 0 0 -1 0 1 -1 -1 0 1
-1 -1 1 1 0 -1 1 1 0 1
-1 -1 1 0 1 0 1 0 -1 0
1 -1 1 1 0 1 -1 1 1 1
-1 0 1 1 0 -1 -1 -1 -1 -1
10 10 0.333300
12 6 4 12 3 15 17 5 18 6
0 0 0 -1 1 -1 -1 -1 1 0
0 -1 1 1 1 -1 1 -1 0 0
1 1 0 1 1 -1 1 0 -1 0
-1 0 -1 1 1 0 -1 0 1 -1
1 1 -1 -1 1 1 -1 -1 0 -1
1 -1 -1 -1 1 0 0 1 1 0
1 -1 0 1 -1 0 -1 1 1 0
-1 -1 -1 1 0 0 0 -1 0 1
1 1 0 -1 1 -1 1 0 0 -1
1 1 -1 -1 1 0 0 1 1 -1
10 10 0.333300
5 20 4 4 11 4 20 18 12 5
1 -1 1 0 0 -1 0 1 0 0
1 -1 -1 -1 0 -1 0 1 -1 0
-1 0 -1 0 0 0 1 -1 1 0
-1 1 0 1 -1 0 0 -1 1 -1
0 0 0 0 -1 -1 0 -1 -1 0
0 0 0 0 1 -1 1 1 -1 0
1 1 -1 0 -1 1 0 0 0 -1
0 0 -1 1 0 0 1 0 0 0
0 0 -1 -1 0 1 0 1 0 1
-1 1 0 -1 1 1 -1 1 0 1
10 10 0.333300
19 19 20 3 14 18 10 4 13 14
0 -1 0 -1 -1 0 -1 0 0 1
-1 0 -1 -1 -1 1 1 0 -1 -1
-1 -1 0 -1 0 1 1 0 0 0
0 0 0 0 0 1 1 -1 1 0
-1 0 0 1 1 1 1 -1 1 1
1 -1 1 0 0 1 1 -1 -1 0
-1 0 0 -1 1 0 -1 1 1 0
1 1 -1 1 -1 -1 1 1 -1 -1
-1 1 -1 1 -1 -1 0 1 1 1
1 1 1 -1 -1 0 -1 -1 1 1
10 10 0.333300
8 10 9 6 9 8 7 7 3 4
1 -1 1 -1 1 1 -1 -1 0 -1
-1 -1 1 -1 1 0 1 0 0 1
-1 1 0 -1 -1 0 -1 -1 -1 1
0 0 -1 0 0 1 1 1 -1 1
-1 -1 -1 0 0 1 1 -1 -1 1
0 1 1 0 0 1 0 1 -1 0
0 1 -1 -1 -1 -1 -1 -1 -1 1
-1 1 1 -1 1 -1 0 -1 0 1
-1 1 0 0 -1 -1 0 -1 0 0
-1 0 1 -1 0 0 -1 -1 0 1
10 10 0.333300
17 2 11 5 16 5 16 14 10 11
-1 -1 0 1 0 0 0 -1 0 0
-1 1 -1 -1 1 0 0 -1 1 -1
0 -1 1 1 1 -1 0 0 0 1
1 1 -1 1 0 0 0 0 0 -1
0 -1 -1 1 -1 0 -1 0 0 0
1 -1 1 1 1 -1 1 -1 0 1
-1 0 -1 0 1 -1 -1 1 -1 0
0 0 1 0 1 0 1 1 -1 0
1 -1 1 -1 -1 -1 -1 1 1 0
-1 0 1 1 0 0 0 0 1 1
10 10 0.333300
2 18 1 2 13 11 15 3 5 7
1 1 0 0 0 1 0 -1 0 0
1 0 1 0 1 1 -1 -1 0 -1
0 1 0 -1 -1 1 0 1 0 1
0 1 0 1 -1 0 1 -1 -1 1
0 1 -1 -1 1 0 0 -1 1 0
-1 -1 1 1 1 0 0 0 1 0
1 1 -1 -1 1 0 -1 0 -1 -1
-1 0 -1 1 0 -1 0 0 -1 -1
1 -1 1 0 1 1 -1 0 1 0
1 0 0 0 0 1 1 1 0 1
10 10 0.333300
3 8 10 16 17 4 11 17 2 12
0 -1 1 0 0 0 0 -1 1 1
1 -1 1 0 -1 -1 0 -1 1 0
-1 0 -1 -1 1 0 -1 1 0 1
-1 0 -1 0 1 -1 -1 -1 0 1
0 1 1 1 0 1 1 1 -1 -1
-1 0 -1 -1 -1 1 0 1 0 -1
1 1 0 0 1 1 -1 1 1 0
0 1 -1 1 1 1 0 0 1 -1
-1 1 -1 1 0 -1 1 -1 -1 1
0 1 -1 0 -1 -1 1 -1 -1 1
10 10 0.333300
20 2 8 16 20 15 13 12 20 10
0 0 1 0 1 0 -1 -1 0 1
0 1 1 1 1 0 -1 -1 -1 0
-1 1 -1 1 0 -1 1 1 -1 -1
0 -1 0 -1 0 -1 -1 1 1 1
1 0 1 0 -1 0 0 -1 0 1
1 1 0 -1 -1 1 1 1 -1 -1
-1 -1 0 0 1 -1 0 0 1 -1
0 0 0 1 0 1 0 1 -1 -1
-1 1 -1 0 0 0 1 -1 -1 0
1 0 0 0 0 -1 -1 -1 1 0
10 10 0.333300
15 8 12 2 12 8 14 12 6 5
1 -1 1 -1 -1 1 0 1 -1 -1
1 1 1 -1 -1 0 -1 1 -1 1
1 -1 -1 -1 0 0 -1 1 0 -1
-1 -1 -1 -1 0 1 1 0 -1 -1
1 -1 1 1 1 -1 0 -1 1 0
1 -1 0 -1 0 -1 -1 -1 -1 1
0 -1 -1 1 -1 -1 -1 1 -1 1
0 0 -1 0 -1 0 -1 -1 0 1
1 0 0 1 0 1 1 0 1 0
-1 1 1 1 -1 1 0 1 0 1
10 10 0.333300
8 19 9 6 11 15 6 11 18 4
1 0 -1 1 1 1 0 0 0 -1
0 -1 1 -1 -1 -1 0 -1 1 1
1 0 -1 -1 -1 1 0 1 -1 -1
0 -1 -1 0 0 0 1 -1 0 -1
-1 0 -1 0 1 -1 0 0 0 1
1 0 1 -1 0 1 -1 1 1 0
-1 1 1 -1 1 1 -1 0 -1 0
0 1 -1 1 -1 -1 1 0 1 0
-1 -1 0 1 -1 0 -1 -1 0 0
1 0 1 -1 1 -1 0 -1 1 -1
10 10 0.333300
12 15 12 5 5 10 16 4 20 14
1 0 1 0 1 1 -1 0 0 -1
1 0 -1 0 0 -1 0 0 1 0
-1 -1 -1 0 1 1 1 -1 1 -1
0 0 1 0 0 0 -1 1 0 0
0 -1 1 0 -1 1 0 1 1 0
0 1 0 0 0 -1 0 0 0 1
-1 1 -1 1 1 0 1 0 -1 -1
1 1 0 0 0 0 1 1 -1 1
1 -1 1 0 -1 1 1 0 -1 1
-1 1 0 1 -1 0 1 1 0 -1
10 10 0.333300
15 1 8 18 9 14 1 2 6 19
-1 0 0 -1 -1 0 1 -1 0 0
1 -1 -1 -1 -1 -1 0 -1 1 0
0 1 -1 -1 1 0 1 1 -1 1
0 -1 0 -1 0 -1 -1 -1 0 1
1 1 -1 0 0 1 0 0 1 0
-1 0 1 -1 -1 -1 1 0 1 0
0 0 1 0 -1 1 -1 1 0 1
1 1 1 1 0 -1 -1 1 0 -1
-1 0 -1 1 -1 -1 1 0 -1 0
1 -1 -1 1 0 0 -1 1 0 0
10 10 0.333300
2 6 7 5 12 7 14 8 4 7
-1 0 0 0 1 0 -1 1 1 0
1 1 0 1 1 1 1 0 -1 1
-1 1 1 1 1 -1 -1 1 1 -1
-1 -1 -1 0 0 1 1 -1 1 0
1 0 0 1 1 -1 1 0 1 1
1 -1 0 1 -1 -1 -1 1 1 1
0 -1 -1 0 0 -1 0 1 -1 0
1 0 -1 1 -1 0 1 1 -1 1
1 0 1 1 -1 -1 0 0 1 0
0 0 0 0 1 0 0 -1 -1 0
10 10 0.333300
6 20 10 3 18 19 3 3 17 12
1 0 -1 1 0 0 0 1 -1 1
-1 -1 1 -1 -1 -1 0 1 1 -1
0 0 1 0 1 -1 1 0 -1 -1
0 1 -1 -1 0 -1 0 0 1 -1
1 -1 -1 0 1 -1 -1 1 1 1
0 0 0 1 1 0 1 0 0 0
0 0 1 -1 -1 0 1 0 0 0
1 -1 0 0 1 1 0 0 -1 -1
1 0 1 0 -1 -1 0 -1 0 0
-1 1 1 1 0 1 0 -1 0 1
10 10 0.333300
19 3 10 1 11 15 5 2 10 10
1 1 -1 0 1 -1 -1 -1 0 1
1 0 0 -1 0 0 -1 -1 1 1
0 0 1 -1 -1 -1 -1 0 0 -1
-1 -1 -1 1 0 1 1 -1 0 0
1 0 0 -1 0 1 -1 0 0 0
-1 -1 0 1 0 -1 1 -1 1 0
1 -1 0 0 -1 1 -1 0 0 0
0 1 1 -1 1 0 0 -1 1 -1
-1 1 -1 0 1 -1 1 -1 0 0
1 1 -1 -1 0 1 -1 1 0 1
10 10 0.333300
8 12 14 18 19 14 3 19 3 20
-1 -1 1 -1 1 1 0 0 -1 -1
1 0 1 0 -1 0 -1 1 0 -1
-1 -1 -1 -1 -1 0 0 0 -1 1
0 -1 0 -1 1 1 0 0 1 -1
-1 1 1 0 1 0 -1 -1 1 0
0 -1 -1 1 -1 -1 0 0 1 0
0 1 0 -1 -1 1 -1 -1 -1 0
1 -1 -1 1 1 1 -1 0 0 1
0 -1 1 0 0 0 -1 -1 0 -1
0 -1 0 -1 1 0 0 0 1 0
10 10 0.333300
18 1 1 13 20 20 12 2 9 6
-1 0 0 0 0 -1 -1 0 0 1
1 1 -1 1 1 1 1 0 1 1
1 0 0 0 -1 1 0 0 0 -1
1 1 1 0 1 1 -1 0 1 0
1 -1 0 0 0 -1 0 0 -1 1
0 1 -1 0 0 -1 -1 -1 1 -1
-1 -1 -1 -1 0 -1 1 1 1 1
0 0 0 -1 -1 0 0 1 1 1
0 1 -1 0 1 -1 1 -1 1 -1
-1 1 -1 1 0 -1 -1 -1 0 -1
10 10 0.333300
20 3 10 19 14 1 10 13 20 10
0 1 1 -1 0 0 -1 -1 0 0
1 1 0 1 1 -1 0 0 0 0
1 1 1 -1 -1 1 1 0 1 0
-1 1 0 1 1 1 -1 1 0 1
1 -1 1 -1 1 1 1 1 -1 0
-1 -1 -1 1 1 1 -1 1 1 0
1 0 0 -1 0 0 0 0 0 0
0 -1 -1 1 0 -1 0 -1 1 1
0 -1 1 -1 -1 1 -1 1 0 -1
0 -1 0 0 0 -1 -1 -1 0 0
10 10 0.333300
17 8 8 5 14 20 12 20 14 13
-1 1 -1 0 1 -1 -1 -1 1 0
0 0 0 0 -1 -1 0 0 0 0
-1 -1 -1 1 0 0 -1 -1 0 1
-1 0 -1 1 1 1 -1 -1 -1 -1
-1 1 -1 -1 0 1 1 0 -1 -1
-1 1 1 1 -1 1 -1 -1 1 0
0 1 1 0 1 0 1 -1 1 1
1 -1 0 -1 -1 0 -1 -1 -1 -1
-1 -1 0 -1 -1 -1 -1 1 1 1
-1 1 -1 0 -1 1 0 1 -1 0
10 10 0.333300
20 17 8 16 1 1 10 1 13 2
1 0 -1 -1 -1 -1 1 0 -1 -1
0 -1 -1 0 -1 1 0 1 1 0
0 0 1 1 0 1 0 1 1 1
1 1 -1 0 0 0 1 0 -1 -1
-1 -1 -1 -1 -1 -1 -1 0 0 1
0 0 1 1 0 0 0 1 1 0
1 0 1 1 1 1 -1 0 -1 1
-1 0 0 -1 0 1 0 0 1 -1
-1 0 1 0 -1 1 -1 0 -1 0
0 0 -1 -1 0 0 -1 0 0 -1
10 10 0.333300
7 1 10 11 2 5 5 7 5 19
1 0 1 1 1 1 1 0 1 -1
-1 1 1 0 0 0 -1 -1 -1 1
1 -1 -1 -1 0 -1 1 -1 1 1
0 1 0 0 -1 1 0 1 0 0
-1 1 0 1 -1 0 0 0 -1 0
1 -1 -1 0 1 -1 1 -1 1 -1
0 1 1 0 -1 -1 0 -1 1 -1
1 -1 -1 1 -1 1 -1 -1 1 -1
0 1 -1 0 1 0 0 -1 0 1
1 -1 -1 1 -1 0 0 -1 0 0
10 10 0.333300
12 7 7 6 9 13 7 20 10 4
1 -1 -1 1 0 0 1 -1 0 1
-1 0 0 0 -1 0 -1 0 1 -1
0 1 -1 1 1 0 1 1 1 -1
1 0 -1 -1 0 1 0 0 1 0
-1 0 1 -1 1 0 1 0 0 0
1 0 0 0 1 1 0 0 0 -1
-1 1 0 0 -1 0 -1 0 0 1
0 1 0 0 0 0 1 0 -1 0
0 -1 0 -1 1 1 0 0 1 1
-1 1 -1 1 -1 1 1 1 1 0
10 10 0.333300
4 9 15 16 8 12 12 14 1 8
1 0 -1 0 -1 -1 1 0 0 0
-1 -1 1 1 0 0 1 1 -1 -1
1 -1 -1 -1 1 1 -1 1 1 1
0 -1 0 -1 0 1 0 1 1 -1
0 0 0 0 0 0 -1 1 0 1
1 -1 -1 1 -1 1 1 -1 0 -1
1 0 -1 -1 0 0 1 0 0 1
1 1 1 -1 1 0 1 1 1 -1
0 1 1 -1 -1 1 0 1 1 0
1 -1 -1 1 0 -1 -1 0 0 -1
10 10 0.333300
5 8 5 7 11 10 12 5 16 4
1 0 1 1 0 1 0 0 -1 -1
0 -1 1 0 -1 -1 0 -1 0 0
1 0 1 0 0 1 1 1 -1 -1
0 -1 -1 -1 0 -1 0 1 -1 0
0 -1 1 -1 0 1 1 -1 1 0
-1 0 -1 -1 0 1 -1 0 -1 1
1 -1 1 0 1 0 -1 0 0 0
0 0 -1 0 -1 -1 1 1 -1 -1
1 1 0 0 -1 0 0 0 1 -1
1 -1 -1 0 1 0 1 1 1 0
10 10 0.333300
14 19 7 19 13 1 7 6 18 6
-1 1 -1 0 1 -1 0 1 0 0
1 0 1 -1 0 1 0 0 1 -1
-1 1 1 1 -1 1 1 0 -1 0
-1 -1 -1 0 1 0 -1 -1 -1 0
-1 -1 -1 -1 0 -1 0 1 0 0
0 -1 1 -1 0 -1 0 0 1 1
-1 0 0 1 1 0 0 0 0 0
-1 0 -1 1 -1 0 1 0 0 -1
0 -1 1 0 0 -1 -1 0 -1 -1
1 0 0 0 -1 0 -1 -1 0 0
10 10 0.333300
20 8 13 19 6 2 19 14 20 15
-1 -1 0 -1 1 1 0 1 1 -1
1 1 0 1 -1 1 -1 0 -1 1
-1 0 -1 -1 0 0 1 1 1 0
-1 0 -1 0 -1 1 0 0 -1 0
-1 1 0 0 -1 1 1 0 -1 1
1 1 -1 0 -1 0 -1 0 1 -1
1 -1 -1 1 -1 1 -1 -1 1 1
-1 1 0 1 1 1 0 1 0 -1
0 0 -1 -1 1 0 1 0 -1 -1
-1 -1 -1 1 0 1 1 0 0 0
10 10 0.333300
1 5 1 17 4 15 9 19 2 2
-1 -1 -1 0 -1 -1 0 -1 0 1
0 0 1 0 -1 -1 1 0 1 1
0 0 -1 1 1 0 0 1 -1 -1
-1 0 1 0 0 -1 -1 -1 1 0
-1 0 1 1 0 1 -1 -1 1 1
0 1 0 1 0 1 1 1 1 -1
1 0 -1 1 0 -1 0 -1 1 0
0 -1 0 0 1 0 0 -1 1 -1
0 1 1 0 -1 0 -1 1 1 1
0 0 -1 1 -1 1 1 0 1 1
